86
cog_WP_011195960.1                                                                            0.0000000 1.5500957 1.3574102 1.3934123 1.8424564 1.5151855 8.9999988 1.9031453 1.5601473 3.8718842 1.3806673 1.7412089 3.3717099 1.7635119 1.9859664 1.4047251 1.6197822 1.7691572 1.9174882 2.6212008 1.8439891 1.5703496 1.6936340 1.7287093 1.6355766 1.5421175 1.6054566 1.3955607 3.7362587 1.8140528 1.5126425 1.7935063 1.7959614 2.0998965 1.2341983 2.2724755 1.6053148 2.7465531 1.6176277 1.9167289 1.6958287 2.1243205 1.8091435 2.1003591 1.6206826 3.2160624 1.7865019 1.5184217 1.5027185 1.4872355 1.7935728 1.8853878 2.4412910 1.6271728 1.4885235 1.5842031 1.7629588 2.6944504 2.9667212 4.1752776 4.5032401 2.7896473 3.3850038 3.3252229 2.2405031 2.8946688 2.9704407 2.4766448 3.4347024 3.7712039 2.8444522 2.9645391 3.9242432 3.3081474 1.9566494 2.9222484 3.2884436 3.4543495 2.8733590 2.7202002 2.2743265 3.8070025 3.0876323 4.0652530 2.9562558 1.8442031 
cog_WP_106788447.1                                                                            1.5500957 0.0000000 1.0219508 0.8115470 1.7028392 0.6067172 7.3667553 0.5679272 0.8805230 3.3706876 0.8030966 0.6961264 3.1583121 0.7026756 0.9723083 0.7161844 1.4893625 0.8372000 0.6992356 2.8232251 0.6922217 0.6510913 0.7497880 0.7990394 1.1980617 0.7864930 0.9355110 0.8100917 2.7736774 0.9086927 0.8080479 0.9629206 0.7778510 1.4692074 0.8386249 1.1156379 0.8891736 1.5766021 1.4507341 1.0308654 0.7330629 0.4955265 0.8376814 1.5897607 0.7282269 2.3667662 0.3909956 0.5501984 0.8861413 1.4934706 1.2289132 2.0757763 1.8348971 0.5967306 0.5152510 0.9115359 0.5647707 2.1599220 1.7768369 3.8121126 4.2102852 2.4321663 3.7248347 2.0697055 1.9727788 2.4091541 2.6152347 2.1318417 2.5966012 4.0996269 2.3781289 1.7681247 3.6893824 3.2873889 0.6348163 2.6602409 3.6389293 2.9312605 2.8500360 1.5588624 1.7510975 3.5448175 1.8472330 3.8847217 1.6388327 1.5382915 
cog_WP_012281629.1                                                                            1.3574102 1.0219508 0.0000000 0.5660008 1.6772521 0.5983965 6.8952870 0.7888847 0.4898693 2.7401775 0.6997988 0.6672296 3.3726951 0.8002556 1.0436843 0.7906343 1.5812463 0.6504900 0.9084350 2.8485006 0.7599625 0.5968263 0.8065674 0.7160434 1.3520588 0.8193528 0.3513067 0.3668941 3.0519569 0.8472861 0.4005150 0.6859460 0.5813868 1.7139899 0.5267066 1.0947153 0.3881568 2.1766377 1.5332916 0.9280094 0.7085410 0.8627777 0.7251731 1.5254090 0.7695109 2.3814856 0.8342926 0.7710641 0.6744422 1.0714458 1.2388045 1.9064087 1.9665485 0.6976609 0.8468524 0.9605443 0.6859832 2.4257932 1.7568042 3.7509951 3.9033994 2.0746102 3.1668904 2.6726611 1.7028520 2.6249116 2.6530174 2.3253672 2.7400529 3.3633082 2.2647039 2.0245481 3.4302067 2.8567601 0.7728404 2.9131255 2.7984170 2.5666482 3.2417782 1.7312995 1.7713951 3.7037861 1.9243590 3.8709026 1.7419877 1.4907545 
cog_WP_011640024.1                                                                            1.3934123 0.8115470 0.5660008 0.0000000 1.6607509 0.6620680 6.8736644 0.7167332 0.7668162 3.3189168 0.7361922 0.7825506 3.3780714 0.8600969 1.0666812 0.7942307 1.6915135 0.8496960 0.9996344 2.9632613 0.7680893 0.6280890 0.8566373 0.8723960 1.1819979 0.7539117 0.5317290 0.5596640 2.5525408 0.9916531 0.5265767 0.7728828 0.8205075 1.8433468 0.6316353 1.1046478 0.4690096 2.2487140 1.5070020 1.1124631 0.8069969 0.6952352 0.8445041 1.4458037 0.7407512 2.1572995 0.7459577 0.6501864 0.7432639 1.3025644 1.1970120 1.9344540 2.0322748 0.5929618 0.6936125 1.0222730 0.6941071 2.2664959 1.5815853 3.6702963 3.9564415 2.4913433 3.5258714 2.6261876 1.7786779 2.4783613 2.5990813 2.4255452 2.6161277 3.6074541 2.3698225 1.7632887 3.8354439 3.3281348 0.7166657 2.8560438 2.7445031 2.5690100 3.0745413 1.4679819 1.4999823 3.7797110 1.6448631 4.0313024 1.6395678 1.6463064 
cog_WP_043712978.1                                                                            1.8424564 1.7028392 1.6772521 1.6607509 0.0000000 1.4966772 8.9999989 1.7775546 1.6841308 3.9111855 1.3302380 1.6947133 3.1216406 1.5954514 1.8560195 1.4948530 2.6541449 1.7050929 2.1272284 3.7942125 1.5668028 1.5119582 1.5163496 1.7721084 1.8714603 1.6409861 1.6630630 1.5829433 4.0012970 1.4972381 1.6012092 1.8110308 1.6399405 2.3970244 1.5183359 1.9735463 1.8113547 2.7364716 2.3270793 2.1282056 1.7216400 1.7553439 1.6955325 2.2092286 1.5154746 3.2637069 1.7215852 1.5338786 1.7735238 1.9246616 2.3499347 2.8833853 2.2014925 1.5439657 1.6607888 2.0353269 1.7224947 3.1121455 2.5447442 4.0685314 4.2711149 2.1432306 4.0850179 2.5653099 2.4784666 3.7370347 2.7587782 2.9561043 3.3259432 4.1682627 3.0962971 2.2315632 4.2702523 3.9168771 1.6813804 2.5987432 2.9265328 2.6361985 3.3217287 2.6809610 2.1633317 4.0228551 2.8566083 5.2532750 2.5543813 1.8643368 
cog_NP_348690.1                                                                               1.5151855 0.6067172 0.5983965 0.6620680 1.4966772 0.0000000 6.6336251 0.5021503 0.5849827 3.4056584 0.6546656 0.4775245 3.0372253 0.4829986 0.9891702 0.6773724 1.6275230 0.5144036 0.8077858 2.4588177 0.4837109 0.3344375 0.4936153 0.5045613 1.0937328 0.8088560 0.6381984 0.5196038 3.0787745 0.6698897 0.6141590 0.6470012 0.5470318 1.7243510 0.6120420 0.9142447 0.7418505 1.7693146 1.3585380 0.7094997 0.5163606 0.6456675 0.6192302 1.4432034 0.6205177 2.3050344 0.5447265 0.6955463 0.8393359 1.0856078 1.2551588 1.8220989 1.8329529 0.4207270 0.5693714 0.8391544 0.4523647 2.4468096 1.6369590 4.0947582 3.8044132 2.1366782 3.5150741 2.3077260 1.8804283 2.6924708 2.4639255 2.3146497 2.7383536 3.6061373 2.2144065 1.7243914 3.3864616 3.5850862 0.6944448 2.5997844 2.8363138 2.2010178 3.1034974 1.4950087 1.6692535 3.2443483 1.6442059 3.8438196 1.6484679 1.3137401 
cog_WP_069978327.1                                                                            8.9999988 7.3667553 6.8952870 6.8736644 8.9999989 6.6336251 0.0000000 7.6202216 8.9999988 8.9999986 7.6932322 5.9476346 8.9999988 7.7907026 7.6188859 7.2554857 8.9999982 7.3224832 8.3168750 8.7126715 7.9899879 6.4953738 7.8484211 7.0213328 6.9777365 7.9268613 7.1674805 6.2888894 8.9999983 6.8340122 7.7352775 6.7374718 6.5662278 8.9999990 8.0084299 7.9198130 6.6044724 8.9999987 8.9999985 7.5424191 6.8455819 7.0411406 6.3983124 8.6703614 7.6366336 8.9999984 7.1563621 8.3266999 6.9900046 8.9999985 7.9383739 8.9999987 8.9999982 6.5880398 7.6924114 6.5128450 6.1664572 8.9999984 8.9708630 8.9999989 8.9999981 8.9999989 8.9999983 8.9999984 8.9999983 8.9999984 8.9999990 8.9999990 8.9999983 8.9999984 8.9999988 8.9999990 8.9999988 8.9999986 7.0107431 8.9999988 8.9999986 8.9999984 8.9999986 8.6645655 8.9999983 8.9999983 8.9161689 8.9999981 8.9999984 8.0731888 
cog_WP_066047385.1                                                                            1.9031453 0.5679272 0.7888847 0.7167332 1.7775546 0.5021503 7.6202216 0.0000000 0.6713083 3.3114136 0.7464422 0.6614617 3.6390689 0.7631741 0.9225360 0.6596229 1.6205976 0.7219914 0.7558844 2.8365339 0.6916096 0.5222084 0.6505510 0.6490348 1.1403240 0.7939254 0.8804246 0.6787050 3.1305383 0.8094558 0.6066690 0.8424257 0.7436042 1.4713301 0.6540574 0.9070534 0.7596347 1.8654225 1.6603680 1.0626407 0.7855495 0.5467229 0.7231274 1.1915661 0.6313006 2.2230433 0.4747683 0.6698786 1.0044724 1.2988353 1.3133962 1.9289535 1.9774568 0.5324463 0.6388263 0.9420045 0.4662411 2.5568118 1.7411364 4.0077524 4.1484430 2.1828642 3.8380761 2.6726330 2.0293243 2.5960201 2.4846988 2.2294000 2.7509017 3.6267316 2.3719770 1.8538118 3.7477646 3.3861994 0.6557766 2.4300631 3.0682947 2.3409870 3.1669324 1.4721541 1.6294828 3.9782723 1.6109452 3.7144725 1.5640127 1.7083449 
cog_AEJ41435.1                                                                                1.5601473 0.8805230 0.4898693 0.7668162 1.6841308 0.5849827 8.9999988 0.6713083 0.0000000 3.1947655 0.8081118 0.6127009 3.3921582 0.8004278 1.1005653 0.7406117 1.4297077 0.4725703 0.9243647 2.9517111 0.7567152 0.4939853 0.8203104 0.6738132 1.2209177 0.8106153 0.5570186 0.4801655 3.1729567 0.7047236 0.5552333 0.6629429 0.5948191 1.6404900 0.3699034 0.9749720 0.6387845 2.0011271 1.3926330 0.8568466 0.7487468 0.7485869 0.6916904 1.5347400 0.7137914 2.6297177 0.7281638 0.8591816 0.8312166 1.0568472 1.4216175 2.1324103 2.3219351 0.6642129 0.8253262 1.0977079 0.6467938 2.4646963 1.8645219 4.5058217 4.0229055 1.9935057 3.4134234 2.6644370 1.8627971 2.4535091 2.6710917 2.1949480 2.9129590 4.0712444 2.3328359 1.9339209 3.4249155 3.5971972 0.6895691 2.4575902 2.9709552 2.7328444 3.3517748 1.7181291 1.9718757 3.8367318 1.7396301 3.8019013 1.8288261 1.7926804 
cog_WP_012743490.1                                                                            3.8718842 3.3706876 2.7401775 3.3189168 3.9111855 3.4056584 8.9999986 3.3114136 3.1947655 0.0000000 3.3823106 3.5216800 4.0595315 3.0989712 3.4249784 3.3743151 3.6074266 3.5005478 3.2842483 4.3130071 3.1100966 3.6974029 3.4000388 3.9114712 4.6427986 3.6197362 2.9593392 2.9726888 4.8978715 3.4971198 3.0847993 3.4582885 3.0736059 4.8244056 3.0748391 2.4691512 2.9619713 5.3631479 3.9239636 3.8252132 3.4299996 3.4971287 3.5825786 3.9170974 3.2768675 3.8826081 3.5522992 3.2407519 3.3126497 3.9334547 4.2262285 4.3447798 5.6970495 3.3815119 3.4871594 3.5554216 3.1033628 5.4992014 3.8446954 5.7319095 5.5190290 3.1752953 5.7278416 5.0078672 4.0486577 4.7111141 5.1629636 5.1523566 4.6142529 4.2826440 5.1507555 4.6668293 4.7463418 4.9203701 3.5810081 4.0835352 5.2296993 4.5829393 5.3026396 4.0680567 3.8868729 5.9210382 4.1865576 5.6971766 3.8574178 4.3886347 
cog_WP_005932794.1                                                                            1.3806673 0.8030966 0.6997988 0.7361922 1.3302380 0.6546656 7.6932322 0.7464422 0.8081118 3.3823106 0.0000000 0.8231697 3.4390212 0.9080458 1.0439161 0.4216554 1.7907881 0.8296783 1.0426603 3.2884276 0.7429243 0.6659433 0.6798540 0.9559632 1.2216808 1.0092854 0.8276465 0.8200137 2.6062818 0.8145709 0.8446401 0.9442388 0.8904254 1.6345092 0.7845061 1.2538345 0.7960006 2.0234834 1.5525412 1.0354738 0.8985246 0.8411557 0.8748511 1.5071333 0.4669645 2.1580272 0.7797832 0.6923847 1.0460218 1.3349629 1.3755960 2.2716937 1.8911299 0.7488379 0.5946923 1.0825293 0.7460668 2.1379357 1.9414274 3.6238357 4.0201656 1.9734989 3.8678081 2.5771055 1.5582353 2.8175682 2.7927496 2.0990376 2.4891338 3.8322756 2.5350694 1.6581967 4.2672101 2.9766243 0.8157766 3.0917423 3.2554977 2.5805110 2.9970803 1.6909283 1.4841929 3.7235859 1.8794572 4.2749706 1.8591881 1.5044522 
cog_NP_390302.1                                                                               1.7412089 0.6961264 0.6672296 0.7825506 1.6947133 0.4775245 5.9476346 0.6614617 0.6127009 3.5216800 0.8231697 0.0000000 3.5574352 0.7990994 1.2367204 0.8933356 1.6192090 0.6242925 0.9556028 2.7433007 0.7000109 0.3994985 0.7319640 0.2964788 1.0147380 0.4533503 0.7923765 0.5976910 2.8638042 0.4687500 0.6378738 0.5723933 0.2836177 1.6265185 0.7066153 1.1565613 0.7040836 1.8316774 1.3035350 0.7883653 0.5601683 0.6884470 0.4047785 1.4091278 0.7653771 2.1957383 0.5481838 0.6828546 1.0203548 1.1501170 1.2341750 2.0266671 1.8927268 0.5793145 0.6297394 0.6043221 0.6181372 2.4745679 1.6761035 4.0592819 4.2621520 2.1685687 3.5902979 2.6615831 1.7313125 2.5555696 2.2253865 2.0715843 2.7744465 3.8374056 2.1068647 1.7126329 4.1291308 3.4593353 0.5814316 2.8366253 3.2747284 2.7875849 3.0158779 1.5535147 1.5232752 3.8953067 1.8191336 4.1564676 1.6030824 1.4493048 
cog_WP_012657068.1                                                                            3.3717099 3.1583121 3.3726951 3.3780714 3.1216406 3.0372253 8.9999988 3.6390689 3.3921582 4.0595315 3.4390212 3.5574352 0.0000000 2.5297761 3.5991058 3.3549640 3.3381644 3.4187954 3.3997437 3.8535551 2.5733396 3.3062888 2.9187020 3.3840043 3.6369999 3.4330685 3.3061398 3.4254582 4.9215690 3.5014306 3.3431581 3.7352098 3.3092398 3.4723823 3.4654955 3.6553560 3.3487624 3.3183113 3.4575524 3.3111255 3.4089416 3.7781247 3.3295087 4.2078491 3.5115400 4.4044403 3.1476678 3.5772698 3.4237811 4.3780108 3.6916927 3.4131104 3.9005330 3.2119425 3.8152304 3.7097787 3.3618509 5.2468818 3.5172709 6.6493776 7.2939804 4.4874899 4.4465309 4.1537913 3.9994470 6.3336386 4.1550759 4.0914330 3.9334214 4.7951821 4.3456261 3.9505372 6.0434004 5.5393949 3.3006368 4.0666186 3.4696929 5.3034655 4.5356391 3.8698845 3.4105037 5.1292972 4.6626302 6.6638320 3.7364497 5.0552444 
cog_WP_013781082.1                                                                            1.7635119 0.7026756 0.8002556 0.8600969 1.5954514 0.4829986 7.7907026 0.7631741 0.8004278 3.0989712 0.9080458 0.7990994 2.5297761 0.0000000 0.9473551 0.8881102 1.7835375 0.7169088 0.7614931 2.3624826 0.6190853 0.6781112 0.7023090 0.7244536 1.3391636 0.9550368 0.7751499 0.6156114 2.8998738 0.8970151 0.7058664 0.8428205 0.7625383 1.7503113 0.7101463 1.0416408 0.8031226 2.0778494 1.4447473 0.9170567 0.7674868 0.7559596 0.7674170 1.8055493 0.8454986 2.3845592 0.7953015 0.7562980 0.9579351 1.1782282 1.2498499 1.8747085 1.5079844 0.5968423 0.7870238 0.9980779 0.6176979 2.6856173 1.9269811 3.7717069 3.8852244 2.5508129 3.2457795 2.1247403 1.7496440 2.5514314 2.5347924 2.1825436 2.4685345 3.8455736 2.3014229 1.9461016 3.3078242 3.2852418 0.6898537 2.9038186 3.1125563 2.1900943 2.6900612 1.8407307 1.7138633 3.9332335 2.2357953 3.2618322 1.7579409 1.4536535 
cog_WP_011917421.1                                                                            1.9859664 0.9723083 1.0436843 1.0666812 1.8560195 0.9891702 7.6188859 0.9225360 1.1005653 3.4249784 1.0439161 1.2367204 3.5991058 0.9473551 0.0000000 0.9706285 2.2460940 1.0995442 1.1453133 3.6060687 0.9562022 1.1614955 1.0095939 1.0854611 1.5299667 1.3256697 1.0451057 0.9540865 2.7933320 1.3682527 0.9101336 1.2285414 1.3041543 2.0281134 1.1992733 1.3564973 1.0481638 2.1198539 1.8223374 1.4736221 1.0288676 1.1253510 1.1314029 1.7248334 0.9600306 1.8063397 0.9644084 1.1708637 1.1759358 1.6645545 1.5734203 2.2518165 2.1481793 1.1068517 1.0338920 1.4152274 0.9308548 2.6430118 2.0978104 3.4687638 4.7794336 2.7525754 5.0152524 2.1300744 2.1885811 2.5545299 3.1749794 2.2853690 2.8254389 4.3591059 2.6605841 2.0741992 4.3526324 4.7812174 1.0476157 3.2543780 3.3033873 2.4884635 3.6267097 2.0011013 2.2011044 4.6520837 2.3945752 4.1613678 2.1007808 1.5871718 
cog_WP_128743621.1                                                                            1.4047251 0.7161844 0.7906343 0.7942307 1.4948530 0.6773724 7.2554857 0.6596229 0.7406117 3.3743151 0.4216554 0.8933356 3.3549640 0.8881102 0.9706285 0.0000000 1.7348125 0.7125130 0.8693387 2.7330466 0.7803704 0.6893828 0.7905908 0.8988542 1.2638969 0.9349949 0.8176742 0.8281245 2.8707913 1.0581560 0.7521894 0.8999138 0.9781287 1.6518352 0.7208004 1.0675071 0.7621346 1.8401770 1.4189907 0.9434236 0.8400728 0.7357803 0.8946044 1.2341557 0.3051005 2.2022173 0.7751216 0.6085549 0.9993007 1.4209371 1.3042102 2.0631361 2.0962094 0.7526025 0.4631015 1.1645734 0.6783352 2.0002666 1.8151616 3.7702057 3.9161845 1.8650357 3.9317179 2.1593498 1.8052230 2.3868216 3.0784313 2.2818940 2.7329029 3.7724765 2.6686715 1.7846015 3.5805523 3.4127679 0.7881601 2.6996593 3.2912523 2.7586518 2.7897706 1.5776038 1.6922910 3.6608588 1.8028320 3.7459058 1.9225853 1.4932612 
cog_WP_023467588.1                                                                            1.6197822 1.4893625 1.5812463 1.6915135 2.6541449 1.6275230 8.9999982 1.6205976 1.4297077 3.6074266 1.7907881 1.6192090 3.3381644 1.7835375 2.2460940 1.7348125 0.0000000 1.5586536 1.9166553 2.9829007 1.8514613 1.5185841 1.6008111 1.8680150 1.9465676 1.8250511 1.7418975 1.4882071 3.4384931 1.7918049 1.5624625 1.7972197 1.7463044 2.0321509 1.5453539 2.3840554 1.3837390 2.1998124 2.3297415 1.9505702 1.8805102 1.8190426 1.9320080 2.5459028 1.8975373 2.5609658 1.7045074 2.0422971 1.7890228 1.8447442 1.9303271 2.2629228 3.1074785 1.5509650 1.8385461 1.6597957 1.6997234 3.1384114 2.7179735 4.9003591 3.4196099 3.7083309 3.4594163 3.3465641 3.1591526 3.3296197 2.8696692 3.1226332 3.1591296 4.1616304 2.8796803 2.7722481 4.0285411 3.9212581 1.6603560 2.5050718 3.2108467 3.7563774 2.6562497 2.6703205 2.9206550 4.0751034 2.6986595 4.0646703 2.9191311 2.5895291 
cog_WP_013778454.1                                                                            1.7691572 0.8372000 0.6504900 0.8496960 1.7050929 0.5144036 7.3224832 0.7219914 0.4725703 3.5005478 0.8296783 0.6242925 3.4187954 0.7169088 1.0995442 0.7125130 1.5586536 0.0000000 0.9245520 2.9025240 0.6364426 0.4729697 0.8532807 0.6879900 1.2489378 0.8315253 0.7220918 0.5833317 2.6965849 0.7675591 0.6773218 0.6978547 0.6674383 1.7368152 0.5638885 1.0405687 0.5944979 1.9037754 1.6208291 0.8379423 0.7275247 0.7587187 0.7922961 1.3301684 0.6346482 2.5435224 0.7890339 0.7923481 0.9143413 1.1447378 1.2334365 2.2629940 2.0409376 0.5613231 0.7885860 0.9650036 0.6921485 2.5955622 1.9560704 4.5866818 3.5645086 2.2874326 3.9394500 2.7476578 2.0332365 2.3824059 2.5177321 2.1441473 2.8030321 4.2525757 2.2838032 2.0304582 3.5644450 3.5726655 0.6437886 2.3422130 3.1317968 2.7393549 3.0362388 1.7746206 1.8694909 3.9589139 1.8889304 4.1765179 1.9174478 1.6256149 
cog_WP_077325092.1                                                                            1.9174882 0.6992356 0.9084350 0.9996344 2.1272284 0.8077858 8.3168750 0.7558844 0.9243647 3.2842483 1.0426603 0.9556028 3.3997437 0.7614931 1.1453133 0.8693387 1.9166553 0.9245520 0.0000000 2.9951544 0.8478361 0.8391943 0.8017045 0.8433049 1.4265914 1.0619116 1.0723012 0.8719495 2.7600246 1.0912667 0.9170255 1.1872550 0.9402062 1.1078342 1.1313179 1.3031683 1.0139670 2.0797222 1.6779006 1.3176330 0.9345866 0.8588781 1.0037330 1.4737560 0.7660859 2.8143935 0.6292820 0.8424619 1.1325695 1.7398592 1.5207909 2.2792522 1.9980903 0.9278633 0.8385284 1.2228407 0.7590076 2.5620433 1.9956873 3.9366249 4.3455526 2.2547913 3.7374292 2.6281222 2.1186723 3.0431592 2.6376982 2.5167083 2.7859029 3.7911790 2.2500365 2.0745380 4.1599290 3.5147345 0.7811757 3.1073648 3.0957879 2.5798909 3.3150994 1.6777503 1.8299196 4.1849603 2.0395296 4.4723196 1.7781933 1.6504645 
cog_WP_013497237.1                                                                            2.6212008 2.8232251 2.8485006 2.9632613 3.7942125 2.4588177 8.7126715 2.8365339 2.9517111 4.3130071 3.2884276 2.7433007 3.8535551 2.3624826 3.6060687 2.7330466 2.9829007 2.9025240 2.9951544 0.0000000 2.5882647 2.8722329 3.1419322 2.9076971 2.9415853 3.2294487 3.0140009 2.8003052 3.6488302 2.9810179 2.6650400 3.1592548 3.0521025 3.2084834 2.9188112 3.2462304 2.9442786 3.8782280 3.6981033 3.2519569 2.6657387 2.5447037 2.9636061 3.2970191 2.9317358 3.7585549 2.6852730 2.7319785 3.2856981 3.3195368 3.6384278 3.9410169 3.6875877 3.0886681 2.7708778 2.7035057 2.7137646 6.6002544 3.1859735 7.2528165 4.2207126 3.3749557 5.2838369 3.4666320 3.5782260 4.1959099 3.4902166 4.1960301 4.0114924 4.0583028 3.5911507 3.6278823 4.2022750 4.6411165 2.7655508 3.8858127 4.6263042 4.3118510 4.5037521 3.0908550 3.4672270 4.5248871 3.7871301 5.0500562 3.5468800 3.1012072 
cog_WP_011025615.1                                                                            1.8439891 0.6922217 0.7599625 0.7680893 1.5668028 0.4837109 7.9899879 0.6916096 0.7567152 3.1100966 0.7429243 0.7000109 2.5733396 0.6190853 0.9562022 0.7803704 1.8514613 0.6364426 0.8478361 2.5882647 0.0000000 0.6116474 0.6133761 0.7330309 1.2179118 0.7950606 0.8848007 0.5828689 2.4174362 0.7453220 0.7407100 0.7524187 0.6527022 1.6576054 0.7588266 0.9301922 0.8125134 1.9505033 1.4646547 0.8295167 0.5799755 0.6704040 0.7361637 1.4857712 0.7231875 2.3300603 0.6671764 0.7883222 1.0310007 1.3178322 1.1550584 1.8640824 1.8493442 0.5874048 0.7390786 1.0882081 0.6636726 2.4969763 1.6286097 4.2810555 4.0391901 2.0920681 3.6406834 2.2651933 1.6194296 2.6164327 2.4829338 1.9714866 2.6880945 3.5772570 2.2516774 1.5162950 3.6676311 3.5082418 0.6875877 2.3908009 2.7737150 2.4690004 2.6856700 1.5643300 1.6033623 3.7350015 1.8159503 4.5560428 1.6904471 1.4134864 
cog_YP_001087707.1                                                                            1.5703496 0.6510913 0.5968263 0.6280890 1.5119582 0.3344375 6.4953738 0.5222084 0.4939853 3.6974029 0.6659433 0.3994985 3.3062888 0.6781112 1.1614955 0.6893828 1.5185841 0.4729697 0.8391943 2.8722329 0.6116474 0.0000000 0.6914270 0.5670300 1.0331071 0.6236114 0.7080788 0.5392526 3.1975341 0.5608296 0.6314194 0.5690144 0.5081239 1.6497629 0.5356666 0.9839343 0.6788472 1.8707193 1.3986806 0.7207364 0.5999409 0.6487095 0.6376360 1.3497207 0.6151380 2.4453228 0.5444607 0.6351339 0.8010879 0.9751276 1.2686911 1.9881249 1.8365179 0.3885781 0.6560287 0.8157258 0.5548673 2.5076502 1.7545660 4.2358359 3.7849054 2.1533760 3.1837358 2.7681033 1.8122522 2.4761521 2.4249467 2.3232797 2.8969250 3.7112175 2.3592831 1.6541904 3.2538133 3.6567419 0.5859229 2.4242017 2.9264129 2.3332848 2.9404398 1.5971474 1.7395619 3.3037606 1.6552948 3.9245594 1.6603246 1.4171932 
cog_WP_015358782.1                                                                            1.6936340 0.7497880 0.8065674 0.8566373 1.5163496 0.4936153 7.8484211 0.6505510 0.8203104 3.4000388 0.6798540 0.7319640 2.9187020 0.7023090 1.0095939 0.7905908 1.6008111 0.8532807 0.8017045 3.1419322 0.6133761 0.6914270 0.0000000 0.6978683 1.1727165 0.7838310 0.9126766 0.6467481 2.8069917 0.7520161 0.7339098 0.9058779 0.7139449 1.4961720 0.8994112 1.0394462 0.8484790 1.9857228 1.2688826 0.9845905 0.7440670 0.7844055 0.8140963 1.4581103 0.8521464 2.5390741 0.6052031 0.6381306 1.0348678 1.3810005 1.2602346 1.7199010 1.7036056 0.6762029 0.6550884 0.9461485 0.5489101 2.2664145 1.8125088 3.8017102 3.6782437 2.2823256 3.6048254 2.4300538 1.8225872 2.9246571 2.2853020 2.1394116 3.1176385 3.8464587 2.2922581 1.8391337 3.4146576 3.0398284 0.6830855 2.7263465 2.7358201 2.5759719 3.0563666 1.7951079 1.5362452 3.4732700 1.8242647 4.3997258 1.8598880 1.5476438 
cog_WP_055243453.1                                                                            1.7287093 0.7990394 0.7160434 0.8723960 1.7721084 0.5045613 7.0213328 0.6490348 0.6738132 3.9114712 0.9559632 0.2964788 3.3840043 0.7244536 1.0854611 0.8988542 1.8680150 0.6879900 0.8433049 2.9076971 0.7330309 0.5670300 0.6978683 0.0000000 1.1039934 0.5538277 0.8984236 0.5900392 2.9402263 0.5943292 0.7330220 0.6245339 0.4709103 1.5410051 0.7280841 1.2017450 0.7538560 1.8910014 1.3049726 0.7213503 0.6252314 0.7729134 0.5201778 1.5047693 0.7847616 2.4176183 0.6388742 0.7830394 1.1472191 1.0827850 1.2020480 1.9736930 1.7801574 0.6006639 0.7570400 0.7296388 0.6557736 2.3952128 1.7045987 3.8014744 4.4096782 2.2669737 3.1654503 2.7845964 1.7763269 2.5450544 2.2931084 2.1237713 2.9986270 4.1671030 2.1924016 1.5861102 3.7066025 3.3612722 0.5974658 2.5593504 2.9686405 2.5638630 2.9324431 1.6546618 1.5623843 3.9788462 1.8586130 4.3522826 1.6325871 1.5224254 
cog_WP_006830432.1                                                                            1.6355766 1.1980617 1.3520588 1.1819979 1.8714603 1.0937328 6.9777365 1.1403240 1.2209177 4.6427986 1.2216808 1.0147380 3.6369999 1.3391636 1.5299667 1.2638969 1.9465676 1.2489378 1.4265914 2.9415853 1.2179118 1.0331071 1.1727165 1.1039934 0.0000000 0.9494897 1.4872446 1.0928309 3.9938948 0.9874901 1.2129032 1.3839683 1.1092690 2.0191552 1.2191490 1.5839813 1.4113314 2.4854657 1.5937814 1.3442079 1.0571099 1.3652184 0.9312565 1.5057102 1.2597791 2.6654849 1.3121347 1.2200339 1.4519281 1.4950243 1.5245562 2.5458187 1.9578939 1.2962738 1.1058023 1.0261564 1.2123374 2.8445981 2.1486785 4.2759918 3.6799463 2.5798487 3.4464626 2.6585514 2.1681701 2.4822800 2.3333316 3.0983438 2.8991430 3.9798591 2.5616249 1.9526242 3.9661848 2.7296333 1.2239520 2.5161379 3.0254584 2.6255799 2.9119164 2.0248336 1.9641436 4.2605208 2.3282035 4.3192335 2.2221077 1.5162836 
cog_WP_081462317.1                                                                            1.5421175 0.7864930 0.8193528 0.7539117 1.6409861 0.8088560 7.9268613 0.7939254 0.8106153 3.6197362 1.0092854 0.4533503 3.4330685 0.9550368 1.3256697 0.9349949 1.8250511 0.8315253 1.0619116 3.2294487 0.7950606 0.6236114 0.7838310 0.5538277 0.9494897 0.0000000 0.8772292 0.6657900 3.0411412 0.6299263 0.5858742 0.7410457 0.5141674 1.4805400 0.7044830 1.4311307 0.8034199 1.8777269 1.5680560 1.0417764 0.7275553 0.7721242 0.3917332 1.4846032 0.8861429 2.5255331 0.6823000 0.6504482 1.0492927 1.1267738 1.0742298 1.9818432 1.5163378 0.8034869 0.6257452 0.8573125 0.6926213 2.3516102 1.7335913 3.7699158 4.2564962 2.0063955 3.1851557 2.5071446 1.8728326 2.6082296 2.4685996 2.5119162 3.0713544 4.4451988 2.1966938 1.7430379 3.6230910 2.9267915 0.6776864 2.4334150 2.9174023 2.5342388 2.8248751 1.5856850 1.7712751 3.6184015 1.8152619 4.2480429 1.5022612 1.6268171 
cog_WP_014183547.1                                                                            1.6054566 0.9355110 0.3513067 0.5317290 1.6630630 0.6381984 7.1674805 0.8804246 0.5570186 2.9593392 0.8276465 0.7923765 3.3061398 0.7751499 1.0451057 0.8176742 1.7418975 0.7220918 1.0723012 3.0140009 0.8848007 0.7080788 0.9126766 0.8984236 1.4872446 0.8772292 0.0000000 0.5493666 2.9311151 1.0670622 0.4942733 0.8103779 0.7274893 1.9697386 0.4914926 1.0445536 0.4786126 2.2534213 1.5252728 1.0706074 0.8941236 0.8564255 0.7741117 1.5861381 0.7874876 2.2279264 0.8668463 0.9114166 0.6204427 1.2396516 1.3935645 1.8050188 1.9357462 0.6587564 0.9329558 1.1626986 0.6980392 2.3785177 1.8046433 3.8255351 3.9956146 2.3492326 3.3059535 2.4805279 1.9086454 2.6928823 2.6706027 2.1742668 2.5028304 3.7346079 2.2789047 1.9445118 3.6087274 3.3399365 0.9131733 2.7524246 2.9902241 2.7216058 3.5355680 1.8818751 1.9308138 3.9780561 1.9131628 3.7840594 1.7915881 1.5295006 
cog_WP_126309824.1                                                                            1.3955607 0.8100917 0.3668941 0.5596640 1.5829433 0.5196038 6.2888894 0.6787050 0.4801655 2.9726888 0.8200137 0.5976910 3.4254582 0.6156114 0.9540865 0.8281245 1.4882071 0.5833317 0.8719495 2.8003052 0.5828689 0.5392526 0.6467481 0.5900392 1.0928309 0.6657900 0.5493666 0.0000000 2.8063606 0.6014240 0.5137607 0.6185246 0.5533998 1.7515727 0.4951704 0.9104721 0.4947224 2.0782184 1.4993376 0.8347567 0.6565165 0.6429432 0.5747111 1.4996580 0.8248122 2.2677763 0.6144479 0.7850962 0.8513717 1.1862360 1.2236260 1.7772383 2.0417264 0.5161959 0.7499514 0.9671440 0.5249973 2.3487835 1.7779648 3.5799485 3.4766907 2.2678588 3.0603464 2.4932911 1.9921222 2.3036990 2.5841587 2.4463272 2.5810875 3.8932009 2.0534945 1.8825027 3.3465677 3.3932720 0.7637105 2.7750249 2.4352027 2.2750139 2.9012681 1.7445311 1.9284585 3.3685056 1.9208890 3.7282139 1.7432242 1.6234295 
cog_WP_015925844.1                                                                            3.7362587 2.7736774 3.0519569 2.5525408 4.0012970 3.0787745 8.9999983 3.1305383 3.1729567 4.8978715 2.6062818 2.8638042 4.9215690 2.8998738 2.7933320 2.8707913 3.4384931 2.6965849 2.7600246 3.6488302 2.4174362 3.1975341 2.8069917 2.9402263 3.9938948 3.0411412 2.9311151 2.8063606 0.0000000 2.9698171 2.7575274 2.8682293 3.1122075 3.9461983 3.0573756 2.5413165 2.8293120 4.0057440 3.4415356 2.8204689 3.3403080 2.5202308 3.0812614 2.9345122 2.4510616 3.1478285 2.7857314 3.0396475 2.8290266 4.2716306 2.5609399 3.2959686 3.6231634 2.5907933 2.9950055 3.2734259 2.8104002 4.3486049 2.8133296 5.3541709 5.2288375 4.7914996 5.8725906 4.1496246 4.2169050 3.6718084 4.4003183 4.6201380 4.1466084 4.4426781 4.4155159 3.7802781 6.0557652 7.9924277 2.8329908 4.3916278 3.5270158 3.8719386 6.3973611 2.9783077 3.8934545 7.1001747 3.5213097 6.5571857 3.6249118 3.7951688 
cog_WP_014823486.1                                                                            1.8140528 0.9086927 0.8472861 0.9916531 1.4972381 0.6698897 6.8340122 0.8094558 0.7047236 3.4971198 0.8145709 0.4687500 3.5014306 0.8970151 1.3682527 1.0581560 1.7918049 0.7675591 1.0912667 2.9810179 0.7453220 0.5608296 0.7520161 0.5943292 0.9874901 0.6299263 1.0670622 0.6014240 2.9698171 0.0000000 0.7364698 0.8182996 0.5276522 1.6553651 0.8249442 1.2710449 0.9817896 2.0234118 1.3634021 0.9410096 0.7512829 0.7468308 0.6687694 1.4156568 0.8382346 2.4317457 0.6909764 0.7444800 1.2283183 1.2901955 1.3278165 2.1402496 1.8670197 0.7010218 0.7412894 0.5285440 0.7146177 2.3744840 1.9072689 4.0647177 4.0463562 2.0547274 3.6494521 2.6819845 1.8502316 2.7940592 2.1865324 2.1707733 2.7252565 3.8653995 2.2636654 1.9347646 3.7429801 3.1831598 0.7769444 2.7910377 2.8751092 2.5835140 2.8165904 1.7392864 1.5407116 4.2240179 1.9352937 4.6101762 1.7678359 1.4607128 
cog_WP_015739371.1                                                                            1.5126425 0.8080479 0.4005150 0.5265767 1.6012092 0.6141590 7.7352775 0.6066690 0.5552333 3.0847993 0.8446401 0.6378738 3.3431581 0.7058664 0.9101336 0.7521894 1.5624625 0.6773218 0.9170255 2.6650400 0.7407100 0.6314194 0.7339098 0.7330220 1.2129032 0.5858742 0.4942733 0.5137607 2.7575274 0.7364698 0.0000000 0.8199138 0.5981555 1.6583787 0.6168123 1.0419530 0.4541502 1.9065038 1.5709837 1.0787588 0.7667517 0.7497186 0.5964645 1.4080593 0.7368085 2.1448420 0.7399861 0.6727008 0.7624973 1.0916214 1.2788313 1.7667861 1.9907201 0.6254742 0.6413011 0.8607460 0.5183793 2.6067766 1.9034584 3.6803615 4.1509444 2.1294412 3.1973302 2.2339748 1.7674607 2.4352076 2.7236372 2.4822417 2.4490273 3.8493217 2.3991079 1.8575614 3.8762545 3.2728626 0.7245612 2.5644227 2.9303685 2.6241933 3.3769165 1.7358948 1.7117571 3.9181885 1.9580381 3.7490592 1.6494775 1.6403030 
cog_WP_127016854.1                                                                            1.7935063 0.9629206 0.6859460 0.7728828 1.8110308 0.6470012 6.7374718 0.8424257 0.6629429 3.4582885 0.9442388 0.5723933 3.7352098 0.8428205 1.2285414 0.8999138 1.7972197 0.6978547 1.1872550 3.1592548 0.7524187 0.5690144 0.9058779 0.6245339 1.3839683 0.7410457 0.8103779 0.6185246 2.8682293 0.8182996 0.8199138 0.0000000 0.6972803 1.5679945 0.6560420 1.3184460 0.6980685 2.1083275 1.3180535 0.4442522 0.8113018 0.8627633 0.7395959 1.5522190 0.7439748 2.3425166 0.9167533 0.9327166 0.9501779 1.1987312 0.8696951 1.8526476 2.0700043 0.6925550 0.9350467 1.0326964 0.7309055 2.8187239 1.6511499 4.1172211 4.0490736 2.0089743 3.1801505 2.7714744 1.8924701 2.3476707 2.7740112 2.1662405 3.1302204 4.0476620 2.2489645 1.7136272 3.6886868 3.6342943 0.8175122 2.6804863 2.8926658 2.9002098 3.1994936 1.5407595 1.8305286 3.8479144 1.6800669 3.9841436 1.5349368 1.5696854 
cog_WP_123040896.1                                                                            1.7959614 0.7778510 0.5813868 0.8205075 1.6399405 0.5470318 6.5662278 0.7436042 0.5948191 3.0736059 0.8904254 0.2836177 3.3092398 0.7625383 1.3041543 0.9781287 1.7463044 0.6674383 0.9402062 3.0521025 0.6527022 0.5081239 0.7139449 0.4709103 1.1092690 0.5141674 0.7274893 0.5533998 3.1122075 0.5276522 0.5981555 0.6972803 0.0000000 1.6448242 0.6928042 1.0054919 0.7282755 1.7143033 1.5470621 0.8154025 0.6250746 0.6787778 0.5022800 1.5430384 0.7713289 2.3514002 0.6578999 0.7513546 0.8410650 1.2107538 1.2158082 1.9647084 1.9670361 0.6377630 0.7162627 0.7960109 0.6755963 2.4237743 1.7458405 4.0259556 3.9793384 2.0817214 3.1875895 2.6554193 1.8914320 2.4562217 2.3996136 2.3743076 2.7368024 3.9676641 2.4090684 1.8730231 3.5087157 3.4647525 0.6621113 2.6550388 2.9038303 2.5891422 2.9151254 1.7685187 1.7010904 3.8157989 1.9543294 3.8268574 1.6369909 1.7072339 
cog_WP_009265429.1                                                                            2.0998965 1.4692074 1.7139899 1.8433468 2.3970244 1.7243510 8.9999990 1.4713301 1.6404900 4.8244056 1.6345092 1.6265185 3.4723823 1.7503113 2.0281134 1.6518352 2.0321509 1.7368152 1.1078342 3.2084834 1.6576054 1.6497629 1.4961720 1.5410051 2.0191552 1.4805400 1.9697386 1.7515727 3.9461983 1.6553651 1.6583787 1.5679945 1.6448242 0.0000000 1.7968641 2.4943083 1.6706138 2.0732216 2.3206208 1.8979630 1.5819738 1.5987793 1.6527261 2.2438453 1.4452532 3.2435479 1.4741802 1.4211132 1.8382911 2.3334644 1.7322321 2.3581135 2.6552080 1.6845629 1.4899113 1.4627937 1.5624610 3.0622848 2.6672994 4.1252727 5.2695889 2.7953728 3.7036329 3.6662052 2.4996086 2.6999315 3.0923358 2.7037646 2.8666958 3.9550633 2.3703518 2.4837889 4.5550577 3.9129016 1.5028910 3.5990568 3.3786523 3.2325119 2.9648068 2.0217622 2.2387729 4.5228823 2.5677560 5.3801620 2.2575328 2.2580130 
cog_WP_013495575.1                                                                            1.2341983 0.8386249 0.5267066 0.6316353 1.5183359 0.6120420 8.0084299 0.6540574 0.3699034 3.0748391 0.7845061 0.7066153 3.4654955 0.7101463 1.1992733 0.7208004 1.5453539 0.5638885 1.1313179 2.9188112 0.7588266 0.5356666 0.8994112 0.7280841 1.2191490 0.7044830 0.4914926 0.4951704 3.0573756 0.8249442 0.6168123 0.6560420 0.6928042 1.7968641 0.0000000 0.9181037 0.6338856 1.9303374 1.3705815 0.7731884 0.8331609 0.7344433 0.7387045 1.5945891 0.7212027 2.4358561 0.7419615 0.8815062 0.7310226 0.9180034 1.3275995 1.8695848 2.1370215 0.6242720 0.8665468 1.0913818 0.7138646 2.4204610 1.8067553 3.8171755 3.8940261 2.2176970 3.1681922 2.5643627 2.1151494 2.5109393 2.7505380 2.1374342 2.8331693 3.6549828 2.4630835 1.5785967 3.3301909 3.6920248 0.7483364 2.6206528 2.9048876 2.7252190 3.0807076 1.7472080 1.8260896 3.9534621 1.8382441 3.4514292 1.7553814 1.4923779 
cog_WP_003511566.1                                                                            2.2724755 1.1156379 1.0947153 1.1046478 1.9735463 0.9142447 7.9198130 0.9070534 0.9749720 2.4691512 1.2538345 1.1565613 3.6553560 1.0416408 1.3564973 1.0675071 2.3840554 1.0405687 1.3031683 3.2462304 0.9301922 0.9839343 1.0394462 1.2017450 1.5839813 1.4311307 1.0445536 0.9104721 2.5413165 1.2710449 1.0419530 1.3184460 1.0054919 2.4943083 0.9181037 0.0000000 1.1197862 2.3236603 1.6025030 1.3670662 1.1528369 0.9914799 1.1741373 1.1325104 0.9886908 2.2098598 1.0292014 1.1876039 1.1531675 1.7649140 1.8541033 1.8985996 2.0862049 1.0178490 1.0203203 1.5256501 0.8073432 2.5354895 2.1499328 5.0328807 4.2556319 2.6915513 3.5906550 2.6508217 2.5527077 2.4610603 2.6709617 2.7334058 2.8166891 4.2965702 2.5611998 1.9779316 3.3265733 3.5787471 1.0367900 2.3743060 2.8462543 2.5138369 3.1461180 2.4232464 2.2497652 4.0549448 2.3942958 3.7444147 2.2024178 1.8025654 
cog_WP_011344870.1                                                                            1.6053148 0.8891736 0.3881568 0.4690096 1.8113547 0.7418505 6.6044724 0.7596347 0.6387845 2.9619713 0.7960006 0.7040836 3.3487624 0.8031226 1.0481638 0.7621346 1.3837390 0.5944979 1.0139670 2.9442786 0.8125134 0.6788472 0.8484790 0.7538560 1.4113314 0.8034199 0.4786126 0.4947224 2.8293120 0.9817896 0.4541502 0.6980685 0.7282755 1.6706138 0.6338856 1.1197862 0.0000000 2.2410466 1.4663580 1.0075057 0.8119237 0.7767228 0.8016146 1.4939107 0.7232702 2.1542395 0.8696358 0.7285477 0.8651074 1.2993245 1.1372373 1.6355664 1.9776311 0.6485543 0.8228718 0.9946169 0.7330243 2.2722410 1.8686252 3.6211018 4.1152580 2.2323271 3.7592161 2.5161109 1.9947501 2.4704546 2.9620079 2.4270437 2.7044027 4.2113040 2.4838501 1.9648002 3.6342554 3.4458848 0.7710778 2.5982963 2.9114814 2.7472669 3.1267402 1.6535441 1.7219529 3.8029256 2.1079094 3.9200630 1.9722702 1.7510597 
cog_WP_066052233.1                                                                            2.7465531 1.5766021 2.1766377 2.2487140 2.7364716 1.7693146 8.9999987 1.8654225 2.0011271 5.3631479 2.0234834 1.8316774 3.3183113 2.0778494 2.1198539 1.8401770 2.1998124 1.9037754 2.0797222 3.8782280 1.9505033 1.8707193 1.9857228 1.8910014 2.4854657 1.8777269 2.2534213 2.0782184 4.0057440 2.0234118 1.9065038 2.1083275 1.7143033 2.0732216 1.9303374 2.3236603 2.2410466 0.0000000 2.2065544 1.8852495 1.8169706 2.1266458 2.1344668 2.6652717 1.8554353 3.4634656 1.8539938 2.0805187 1.7449938 2.2123061 2.1443251 3.3159009 3.0541505 1.8585976 1.7057300 2.0838775 1.9153168 3.3173034 2.3930749 4.1003097 4.6000543 4.1416771 3.5001903 3.6400293 3.0938400 2.9149940 2.8905941 2.6101267 3.1088119 3.4867321 2.4718383 2.4036866 4.4881746 4.4754819 1.8663799 3.0636421 2.9170185 3.3173991 2.5437141 2.3610723 2.4753511 4.4471423 2.4391881 5.3592168 2.4672248 2.5803371 
cog_WP_068138736.1                                                                            1.6176277 1.4507341 1.5332916 1.5070020 2.3270793 1.3585380 8.9999985 1.6603680 1.3926330 3.9239636 1.5525412 1.3035350 3.4575524 1.4447473 1.8223374 1.4189907 2.3297415 1.6208291 1.6779006 3.6981033 1.4646547 1.3986806 1.2688826 1.3049726 1.5937814 1.5680560 1.5252728 1.4993376 3.4415356 1.3634021 1.5709837 1.3180535 1.5470621 2.3206208 1.3705815 1.6025030 1.4663580 2.2065544 0.0000000 1.2791234 1.4343084 1.5308113 1.5457807 1.9969021 1.5594289 2.3542133 1.4564280 1.4545957 1.6562742 2.0698979 2.0025573 2.3369062 2.5201524 1.6266279 1.3119514 1.7026815 1.5060113 2.9350693 2.1221484 4.1433295 4.4182615 2.3832038 3.9100209 3.1465119 2.4512532 3.3183259 3.1958482 2.5239179 3.7670920 4.4004482 2.8531854 2.1945969 4.2386185 3.0708301 1.4902876 2.9039428 3.0454711 3.5575065 3.1696264 2.1400616 2.4534645 4.6158299 2.2424353 4.2582831 2.4644917 2.0070960 
cog_WP_015326268.1                                                                            1.9167289 1.0308654 0.9280094 1.1124631 2.1282056 0.7094997 7.5424191 1.0626407 0.8568466 3.8252132 1.0354738 0.7883653 3.3111255 0.9170567 1.4736221 0.9434236 1.9505702 0.8379423 1.3176330 3.2519569 0.8295167 0.7207364 0.9845905 0.7213503 1.3442079 1.0417764 1.0706074 0.8347567 2.8204689 0.9410096 1.0787588 0.4442522 0.8154025 1.8979630 0.7731884 1.3670662 1.0075057 1.8852495 1.2791234 0.0000000 0.8818792 1.0376255 1.0744476 1.7471868 0.9136767 2.3100059 1.0317718 1.1177593 1.1299443 1.3242219 0.9263376 1.9712970 2.0860053 0.9628150 1.0037481 1.1315286 0.9933821 2.7439260 1.6762508 4.5423842 4.1422023 2.3288589 3.2156126 2.5204693 1.6855330 2.0331203 2.9542685 1.9176794 3.0685616 4.0021267 2.4918528 1.6268731 3.9542768 3.4907942 0.9578632 2.6632063 2.8620400 2.4207612 3.0206492 1.5048622 1.5424009 4.3122691 1.6938975 4.2384020 1.6907837 1.5594580 
cog_WP_012448131.1                                                                            1.6958287 0.7330629 0.7085410 0.8069969 1.7216400 0.5163606 6.8455819 0.7855495 0.7487468 3.4299996 0.8985246 0.5601683 3.4089416 0.7674868 1.0288676 0.8400728 1.8805102 0.7275247 0.9345866 2.6657387 0.5799755 0.5999409 0.7440670 0.6252314 1.0571099 0.7275553 0.8941236 0.6565165 3.3403080 0.7512829 0.7667517 0.8113018 0.6250746 1.5819738 0.8331609 1.1528369 0.8119237 1.8169706 1.4343084 0.8818792 0.0000000 0.7588387 0.7377319 1.3297619 0.8294091 2.4600719 0.6979136 0.6863073 0.9361067 0.9887348 1.1677898 1.9225229 1.9140182 0.4987912 0.7096216 0.8444634 0.6410899 2.5656414 1.8634081 4.0756967 4.2878040 2.1280990 3.5976922 2.4639657 1.6665723 2.5853281 2.1825927 2.3590898 2.6620406 4.2133024 2.2347697 1.6349622 3.4874652 3.2102250 0.6885522 2.5005881 3.2783360 2.3537428 2.6694169 1.7682810 1.6386222 3.8498202 1.7803951 3.6972429 1.9037407 1.4813233 
