38
cog_WP_015757979.1                                                                                              0.0000000 1.4304183 2.5676679 2.1731810 0.9697215 1.5478459 1.6236901 1.7318169 2.7173987 1.3416974 1.8811345 3.9132836 1.6968866 2.1104979 1.6108475 2.3968119 1.9635014 1.4457310 3.7895974 1.2315756 2.2320901 1.5354656 1.2162995 1.3699471 1.1229971 2.0316990 0.7902661 2.2932732 1.5979262 0.9873137 3.7195098 0.7499689 1.2364549 1.1638668 2.0099895 2.1990702 1.4696240 2.0879725 
cog_WP_012198240.1                                                                                              1.4304183 0.0000000 1.5475518 1.5470843 0.9826367 0.6449029 1.2256745 1.1619426 2.7226981 0.9873660 1.7567824 2.7737537 1.4110167 1.6785212 0.8750563 1.5794680 1.2713849 0.6631861 2.8161957 0.9808800 1.5907533 1.2178866 1.0484862 0.9155520 1.1703557 1.1589283 1.0258938 1.3715060 1.1638343 1.1232660 2.7651903 1.0146078 1.0448201 1.1214999 1.3076414 1.7696096 0.7024875 0.9011616 
cog_WP_013498502.1                                                                                              2.5676679 1.5475518 0.0000000 1.5765535 1.2804279 1.2061631 1.7743097 2.5009322 3.3574886 1.1668427 2.4840386 3.5720488 1.8264836 1.8248584 1.2520169 1.4502868 1.4654750 1.5471216 3.4843710 1.4529643 2.0694510 1.3603664 1.5938800 1.3078125 1.4258211 1.6655290 1.7307570 1.9768128 1.3397170 2.0072318 3.3853121 1.4902403 1.2776439 1.3220437 1.7346354 2.1826067 1.3579098 1.1396050 
cog_WP_011916751.1                                                                                              2.1731810 1.5470843 1.5765535 0.0000000 1.2830634 1.1894257 1.5303679 2.1864956 3.0159762 1.3463591 2.4912536 2.5966647 1.6248936 1.6915212 1.3350140 1.8703149 1.5986253 1.4504087 2.4646540 1.6661965 2.1327040 1.9073343 1.6014243 1.1907142 1.4942545 1.5386695 1.3347426 1.6469865 1.5752354 1.7017165 3.3297666 1.2870733 1.0141343 1.4155858 1.5978620 1.5561587 1.4392786 1.6303901 
cog_WP_013626254.1                                                                                              0.9697215 0.9826367 1.2804279 1.2830634 0.0000000 0.7374966 1.1112681 1.3030512 2.9525048 0.9665944 1.3384123 3.5647443 1.3840772 1.2044041 0.7742658 0.9487119 1.2596219 1.1386373 3.5570715 0.6491049 1.6637920 0.7910184 0.7432809 0.6094801 0.7203068 1.1373658 0.6513305 1.6941971 0.9344433 0.8993990 3.4182443 0.5718884 0.7614115 0.6158414 1.4363834 1.3224755 0.7569696 1.0857495 
cog_YP_001086595.1                                                                                              1.5478459 0.6449029 1.2061631 1.1894257 0.7374966 0.0000000 1.0502996 1.0624798 2.7720384 0.9946681 1.9296556 2.6041764 1.5451172 1.0676258 0.7750952 1.0197946 1.2956663 0.7389040 2.6633101 0.7808681 1.4101423 0.7559642 0.8479352 0.6530788 1.0185256 1.0588686 0.9719045 1.3998007 1.0178138 1.0714744 3.1801374 0.9115631 0.6455958 0.9266679 1.4545236 1.3443122 0.5284462 0.8251938 
virome_AD_CERC_all_10kb_viruses_fixed_VIRSorter_AD_CERC_I8A_k121_31693_flag_0_multi_208_4569_len_85268-cat_2_45 1.6236901 1.2256745 1.7743097 1.5303679 1.1112681 1.0502996 0.0000000 1.7499883 3.0846299 0.9104543 2.3763071 2.6804673 2.1909505 2.1075141 1.3885711 1.3899104 2.1093792 1.2957074 2.8087361 1.1121164 1.8342190 1.5348567 1.2314187 1.2042351 1.4847907 1.2414278 1.1212527 1.5346121 1.4189853 1.5112263 3.5581492 1.4316070 1.0915461 1.2991037 1.7859469 1.8722144 0.9615272 1.4629456 
virome_ivig_2879_35                                                                                             1.7318169 1.1619426 2.5009322 2.1864956 1.3030512 1.0624798 1.7499883 0.0000000 3.5237821 1.7811127 2.1938002 3.8496628 1.9525085 2.5228448 1.4606454 1.7693008 2.1749460 1.4135634 3.9228511 1.2067546 3.0809630 1.5379129 1.3208547 1.1630362 1.2081067 1.8556608 1.5414185 1.7689123 1.7619587 1.3210428 4.7561257 1.6895815 1.1398944 1.1278139 2.3009493 1.5794759 1.2961337 1.4849136 
virome_PP_all_10kb_viruses_VIRSorter_PP_Contig_1061936-circular-cat_2_118                                       2.7173987 2.7226981 3.3574886 3.0159762 2.9525048 2.7720384 3.0846299 3.5237821 0.0000000 2.0811919 4.8398157 3.6049114 4.5153604 3.8690173 3.2206893 4.0129396 2.7335393 2.6497377 3.5564414 3.4011057 2.1566549 3.6085699 3.2072083 3.3332261 2.6387103 2.7566585 2.9621029 3.2629868 3.4185275 3.3729484 3.7667762 3.0281771 2.4996741 3.0988469 2.9364234 3.7332682 2.2457702 2.7170776 
cog_WP_007487770.1                                                                                              1.3416974 0.9873660 1.1668427 1.3463591 0.9665944 0.9946681 0.9104543 1.7811127 2.0811919 0.0000000 1.9091520 2.2167453 1.4574786 1.7178937 0.7735905 0.8965845 1.0676938 1.1287088 2.1354787 1.2762661 1.2442530 1.3340810 1.0500245 0.8852676 1.2522829 1.1129404 0.9151371 1.8625444 1.2693029 1.4396166 2.4523430 1.0003534 0.7687177 1.1777477 1.2552512 1.5105530 0.8810303 0.7566917 
cog_WP_066791757.1                                                                                              1.8811345 1.7567824 2.4840386 2.4912536 1.3384123 1.9296556 2.3763071 2.1938002 4.8398157 1.9091520 0.0000000 3.8819266 0.6113688 2.6917706 1.3817028 2.3361300 2.3489939 1.8632431 3.8963286 1.5189836 3.4456953 0.9078179 1.4145009 2.2219053 1.8271115 2.2194592 1.6970037 2.4765821 1.0575950 1.3148134 5.1208419 1.4515795 1.7891383 1.6920870 2.3047216 0.8353566 1.7281132 1.9660542 
virome_uvig_107825_38                                                                                           3.9132836 2.7737537 3.5720488 2.5966647 3.5647443 2.6041764 2.6804673 3.8496628 3.6049114 2.2167453 3.8819266 0.0000000 3.3187446 4.6284259 2.5808925 3.2213219 3.9727222 2.8661198 0.0469082 3.6972355 2.3612542 2.6612672 3.0416632 3.2352826 3.9433648 2.0496692 3.6921030 2.8100966 2.7535506 3.8259233 4.2379175 3.6462035 2.5271986 4.5411703 3.3107323 3.1332146 2.8015428 2.5313573 
cog_WP_008404436.1                                                                                              1.6968866 1.4110167 1.8264836 1.6248936 1.3840772 1.5451172 2.1909505 1.9525085 4.5153604 1.4574786 0.6113688 3.3187446 0.0000000 2.5411472 1.4103984 1.9588806 1.5170677 1.6854524 3.4755654 1.4264052 2.5902588 0.9899134 1.5490510 1.6680732 1.3018558 2.0185032 1.4656004 1.7041797 0.9263686 1.2830956 4.8228081 1.2549474 1.7883923 1.1869126 1.5837321 0.8600570 1.5335403 1.7727833 
virome_VIRSorter_DJKA75_ANT-F21_scaffold_30-circular-cat_1_39                                                   2.1104979 1.6785212 1.8248584 1.6915212 1.2044041 1.0676258 2.1075141 2.5228448 3.8690173 1.7178937 2.6917706 4.6284259 2.5411472 0.0000000 1.5784942 1.4624677 1.8917330 1.2395728 4.6933736 1.3813663 1.7727900 1.5511319 1.4510469 1.0774190 1.5962232 1.5216461 1.3621220 2.1949190 1.8837776 1.5630524 3.7417598 1.4225508 1.4520224 1.3503626 1.6075249 1.8657366 1.2608457 1.5380850 
cog_WP_015357813.1                                                                                              1.6108475 0.8750563 1.2520169 1.3350140 0.7742658 0.7750952 1.3885711 1.4606454 3.2206893 0.7735905 1.3817028 2.5808925 1.4103984 1.5784942 0.0000000 1.0530436 1.2114659 0.8458782 2.5693569 0.8811953 1.8920961 0.9323685 0.7644581 0.7014566 0.8126914 0.8429755 0.7760564 1.5863508 1.0005482 0.9128900 2.4053463 0.8888891 0.7099326 0.8489149 1.1443856 1.3656324 0.8387051 0.7926307 
cog_WP_083803599.1                                                                                              2.3968119 1.5794680 1.4502868 1.8703149 0.9487119 1.0197946 1.3899104 1.7693008 4.0129396 0.8965845 2.3361300 3.2213219 1.9588806 1.4624677 1.0530436 0.0000000 1.2627718 1.1519210 3.2213219 1.2838595 1.7461892 1.6736520 1.6936357 1.0448221 1.1308852 1.5272170 1.3883692 2.1651571 1.7048861 1.5220994 8.5420987 1.4293408 1.2217711 0.9563181 1.5565489 2.1242820 0.8875724 0.9086651 
cog_WP_005932131.1                                                                                              1.9635014 1.2713849 1.4654750 1.5986253 1.2596219 1.2956663 2.1093792 2.1749460 2.7335393 1.0676938 2.3489939 3.9727222 1.5170677 1.8917330 1.2114659 1.2627718 0.0000000 1.6800612 3.6126768 1.3752744 2.1550998 1.8615649 1.8258528 1.3408199 1.3080644 1.5099535 1.3551320 2.4876812 1.6598773 1.4313193 2.7859796 1.1818905 1.1839934 1.4265180 1.2309294 1.9641889 1.3064219 0.9826296 
cog_WP_066046511.1                                                                                              1.4457310 0.6631861 1.5471216 1.4504087 1.1386373 0.7389040 1.2957074 1.4135634 2.6497377 1.1287088 1.8632431 2.8661198 1.6854524 1.2395728 0.8458782 1.1519210 1.6800612 0.0000000 3.0100036 0.7292756 1.1472962 1.2164785 0.9127511 0.8377757 0.8115793 1.0326062 1.1320762 1.4074668 1.3323435 0.9344048 2.7999780 0.8624770 0.8612102 1.0149926 1.4232187 1.7993622 0.6298561 0.9113312 
virome_ivig_623_24                                                                                              3.7895974 2.8161957 3.4843710 2.4646540 3.5570715 2.6633101 2.8087361 3.9228511 3.5564414 2.1354787 3.8963286 0.0469082 3.4755654 4.6933736 2.5693569 3.2213219 3.6126768 3.0100036 0.0000000 3.8886045 2.2584866 2.7598921 3.0149181 3.1144846 4.1060856 2.1157616 3.8413379 2.7133536 2.6276329 3.9778639 4.6687028 3.6853249 2.6159300 4.6747790 3.0178927 3.2314702 2.9431320 2.7600092 
cog_WP_125987790.1                                                                                              1.2315756 0.9808800 1.4529643 1.6661965 0.6491049 0.7808681 1.1121164 1.2067546 3.4011057 1.2762661 1.5189836 3.6972355 1.4264052 1.3813663 0.8811953 1.2838595 1.3752744 0.7292756 3.8886045 0.0000000 1.6183628 0.8540050 0.6837002 0.7001354 0.5657823 0.9531598 0.7501417 1.7574356 0.8499480 0.5334383 3.3630912 0.8234066 0.7621532 0.6664921 1.1870363 1.3242587 0.7647929 0.9215018 
cog_WP_013657761.1                                                                                              2.2320901 1.5907533 2.0694510 2.1327040 1.6637920 1.4101423 1.8342190 3.0809630 2.1566549 1.2442530 3.4456953 2.3612542 2.5902588 1.7727900 1.8920961 1.7461892 2.1550998 1.1472962 2.2584866 1.6183628 0.0000000 1.8663394 1.8329850 1.4559825 1.5213140 1.4639783 1.5550999 2.4875966 1.8561615 2.1070209 4.1108195 1.6214485 1.4021531 1.4889227 2.0728952 2.6824592 1.3466174 1.6022632 
cog_NP_391523.1                                                                                                 1.5354656 1.2178866 1.3603664 1.9073343 0.7910184 0.7559642 1.5348567 1.5379129 3.6085699 1.3340810 0.9078179 2.6612672 0.9899134 1.5511319 0.9323685 1.6736520 1.8615649 1.2164785 2.7598921 0.8540050 1.8663394 0.0000000 0.7448727 0.8726290 0.9637442 1.1002332 0.8843980 1.5373075 0.1898710 1.0735467 3.0426033 0.8663159 0.6676804 0.9503990 1.9584327 0.8158346 0.8367326 0.9903383 
cog_WP_012449215.1                                                                                              1.2162995 1.0484862 1.5938800 1.6014243 0.7432809 0.8479352 1.2314187 1.3208547 3.2072083 1.0500245 1.4145009 3.0416632 1.5490510 1.4510469 0.7644581 1.6936357 1.8258528 0.9127511 3.0149181 0.6837002 1.8329850 0.7448727 0.0000000 0.7455399 0.8767635 0.8702058 0.5430778 1.6137436 0.7778580 0.7857870 2.7623722 0.6880661 0.6540614 0.7810579 1.2431779 1.3294396 0.5881767 1.0814284 
cog_WP_011971502.1                                                                                              1.3699471 0.9155520 1.3078125 1.1907142 0.6094801 0.6530788 1.2042351 1.1630362 3.3332261 0.8852676 2.2219053 3.2352826 1.6680732 1.0774190 0.7014566 1.0448221 1.3408199 0.8377757 3.1144846 0.7001354 1.4559825 0.8726290 0.7455399 0.0000000 0.6333905 0.7484606 0.7419427 1.4675530 0.9705338 0.8880423 2.9382314 0.6659017 0.5525674 0.5708387 1.3241431 1.5297224 0.6943450 0.8821263 
cog_WP_013494604.1                                                                                              1.1229971 1.1703557 1.4258211 1.4942545 0.7203068 1.0185256 1.4847907 1.2081067 2.6387103 1.2522829 1.8271115 3.9433648 1.3018558 1.5962232 0.8126914 1.1308852 1.3080644 0.8115793 4.1060856 0.5657823 1.5213140 0.9637442 0.8767635 0.6333905 0.0000000 0.8898013 0.5878155 1.7905135 1.0750058 0.5516588 3.2172983 0.5597403 0.6603149 0.5249389 1.0408648 1.3113199 0.8404850 1.0603910 
virome_VIRSorter_2034_megahit_k119_139368_flag_1_multi_31_0000_len_36974-cat_2_12                               2.0316990 1.1589283 1.6655290 1.5386695 1.1373658 1.0588686 1.2414278 1.8556608 2.7566585 1.1129404 2.2194592 2.0496692 2.0185032 1.5216461 0.8429755 1.5272170 1.5099535 1.0326062 2.1157616 0.9531598 1.4639783 1.1002332 0.8702058 0.7484606 0.8898013 0.0000000 0.7967585 1.2140345 1.1323686 1.1194525 3.7393990 1.1110727 0.9216282 1.0645958 1.2241853 1.7689502 0.7543908 1.1998164 
cog_WP_015738141.1                                                                                              0.7902661 1.0258938 1.7307570 1.3347426 0.6513305 0.9719045 1.1212527 1.5414185 2.9621029 0.9151371 1.6970037 3.6921030 1.4656004 1.3621220 0.7760564 1.3883692 1.3551320 1.1320762 3.8413379 0.7501417 1.5550999 0.8843980 0.5430778 0.7419427 0.5878155 0.7967585 0.0000000 1.5568019 0.8865397 0.7000162 3.1496619 0.5002452 0.7134960 0.6722813 1.1439020 1.3391904 0.8018050 1.3368743 
virome_uvig_108459_15                                                                                           2.2932732 1.3715060 1.9768128 1.6469865 1.6941971 1.3998007 1.5346121 1.7689123 3.2629868 1.8625444 2.4765821 2.8100966 1.7041797 2.1949190 1.5863508 2.1651571 2.4876812 1.4074668 2.7133536 1.7574356 2.4875966 1.5373075 1.6137436 1.4675530 1.7905135 1.2140345 1.5568019 0.0000000 1.3187086 1.8635264 3.6435422 2.0560327 2.0011316 1.4534835 2.0386122 1.4034723 1.3509670 1.2893333 
cog_WP_087459120.1                                                                                              1.5979262 1.1638343 1.3397170 1.5752354 0.9344433 1.0178138 1.4189853 1.7619587 3.4185275 1.2693029 1.0575950 2.7535506 0.9263686 1.8837776 1.0005482 1.7048861 1.6598773 1.3323435 2.6276329 0.8499480 1.8561615 0.1898710 0.7778580 0.9705338 1.0750058 1.1323686 0.8865397 1.3187086 0.0000000 1.0970477 3.2381538 0.9842707 0.8780509 0.9005546 1.7745112 0.9598099 0.9162314 1.0928949 
cog_WP_015328040.1                                                                                              0.9873137 1.1232660 2.0072318 1.7017165 0.8993990 1.0714744 1.5112263 1.3210428 3.3729484 1.4396166 1.3148134 3.8259233 1.2830956 1.5630524 0.9128900 1.5220994 1.4313193 0.9344048 3.9778639 0.5334383 2.1070209 1.0735467 0.7857870 0.8880423 0.5516588 1.1194525 0.7000162 1.8635264 1.0970477 0.0000000 3.6520519 0.7544382 0.7948009 0.7212655 1.2129551 1.5202520 0.9184103 1.3119952 
cog_WP_083803598.1                                                                                              3.7195098 2.7651903 3.3853121 3.3297666 3.4182443 3.1801374 3.5581492 4.7561257 3.7667762 2.4523430 5.1208419 4.2379175 4.8228081 3.7417598 2.4053463 8.5420987 2.7859796 2.7999780 4.6687028 3.3630912 4.1108195 3.0426033 2.7623722 2.9382314 3.2172983 3.7393990 3.1496619 3.6435422 3.2381538 3.6520519 0.0000000 2.7769872 2.2984799 3.2580920 4.0420332 5.1383161 2.9034457 1.4174039 
cog_WP_013176419.1                                                                                              0.7499689 1.0146078 1.4902403 1.2870733 0.5718884 0.9115631 1.4316070 1.6895815 3.0281771 1.0003534 1.4515795 3.6462035 1.2549474 1.4225508 0.8888891 1.4293408 1.1818905 0.8624770 3.6853249 0.8234066 1.6214485 0.8663159 0.6880661 0.6659017 0.5597403 1.1110727 0.5002452 2.0560327 0.9842707 0.7544382 2.7769872 0.0000000 0.7789702 0.6362846 1.3240910 1.4586601 0.9999674 1.2680100 
cog_WP_011024671.1                                                                                              1.2364549 1.0448201 1.2776439 1.0141343 0.7614115 0.6455958 1.0915461 1.1398944 2.4996741 0.7687177 1.7891383 2.5271986 1.7883923 1.4520224 0.7099326 1.2217711 1.1839934 0.8612102 2.6159300 0.7621532 1.4021531 0.6676804 0.6540614 0.5525674 0.6603149 0.9216282 0.7134960 2.0011316 0.8780509 0.7948009 2.2984799 0.7789702 0.0000000 0.8008455 1.2262662 1.4281029 0.7021251 0.8815830 
cog_AEJ39013.1                                                                                                  1.1638668 1.1214999 1.3220437 1.4155858 0.6158414 0.9266679 1.2991037 1.1278139 3.0988469 1.1777477 1.6920870 4.5411703 1.1869126 1.3503626 0.8489149 0.9563181 1.4265180 1.0149926 4.6747790 0.6664921 1.4889227 0.9503990 0.7810579 0.5708387 0.5249389 1.0645958 0.6722813 1.4534835 0.9005546 0.7212655 3.2580920 0.6362846 0.8008455 0.0000000 1.1148083 1.3849241 0.8370022 1.1515494 
virome_VIRSorter_DJKA110_ANT-KO_scaffold_640-cat_2_5                                                            2.0099895 1.3076414 1.7346354 1.5978620 1.4363834 1.4545236 1.7859469 2.3009493 2.9364234 1.2552512 2.3047216 3.3107323 1.5837321 1.6075249 1.1443856 1.5565489 1.2309294 1.4232187 3.0178927 1.1870363 2.0728952 1.9584327 1.2431779 1.3241431 1.0408648 1.2241853 1.1439020 2.0386122 1.7745112 1.2129551 4.0420332 1.3240910 1.2262662 1.1148083 0.0000000 1.9316746 1.5130092 1.3410296 
cog_WP_119882587.1                                                                                              2.1990702 1.7696096 2.1826067 1.5561587 1.3224755 1.3443122 1.8722144 1.5794759 3.7332682 1.5105530 0.8353566 3.1332146 0.8600570 1.8657366 1.3656324 2.1242820 1.9641889 1.7993622 3.2314702 1.3242587 2.6824592 0.8158346 1.3294396 1.5297224 1.3113199 1.7689502 1.3391904 1.4034723 0.9598099 1.5202520 5.1383161 1.4586601 1.4281029 1.3849241 1.9316746 0.0000000 1.3500263 1.4932817 
cog_WP_128746085.1                                                                                              1.4696240 0.7024875 1.3579098 1.4392786 0.7569696 0.5284462 0.9615272 1.2961337 2.2457702 0.8810303 1.7281132 2.8015428 1.5335403 1.2608457 0.8387051 0.8875724 1.3064219 0.6298561 2.9431320 0.7647929 1.3466174 0.8367326 0.5881767 0.6943450 0.8404850 0.7543908 0.8018050 1.3509670 0.9162314 0.9184103 2.9034457 0.9999674 0.7021251 0.8370022 1.5130092 1.3500263 0.0000000 0.9191247 
cog_WP_128743727.1                                                                                              2.0879725 0.9011616 1.1396050 1.6303901 1.0857495 0.8251938 1.4629456 1.4849136 2.7170776 0.7566917 1.9660542 2.5313573 1.7727833 1.5380850 0.7926307 0.9086651 0.9826296 0.9113312 2.7600092 0.9215018 1.6022632 0.9903383 1.0814284 0.8821263 1.0603910 1.1998164 1.3368743 1.2893333 1.0928949 1.3119952 1.4174039 1.2680100 0.8815830 1.1515494 1.3410296 1.4932817 0.9191247 0.0000000 
