38
cog_WP_015757979.1                                                                                              0.0000000 1.4551185 2.6422583 2.1986525 1.0170889 1.4875313 1.5597050 1.8194071 2.6693239 1.3784867 1.8873509 3.7649086 1.7175403 2.1630975 1.5505470 2.4084486 1.9159170 1.4734979 3.6476411 1.2810234 2.3234626 1.5041550 1.2546955 1.3994181 1.1342507 2.0450877 0.8181900 2.2769173 1.5647423 0.9699452 3.5482350 0.7567303 1.2300482 1.1454313 2.0070649 2.1900837 1.5008023 2.0072337 
cog_WP_012198240.1                                                                                              1.4551185 0.0000000 1.7839199 1.7656361 1.0115283 0.7449859 1.4522812 1.6595505 2.8632605 1.0217993 1.9863119 3.0455475 1.5527690 1.9333846 0.9923328 1.4715690 1.2454883 0.7115397 3.0891056 1.0853024 1.6744929 1.3766062 1.2940628 1.0139004 1.4199739 1.2071357 1.1900411 1.8281416 1.4158212 1.3355995 2.8189228 1.1143030 1.2413243 1.1857704 1.3558045 2.0254365 0.7530019 0.9625914 
cog_WP_013498502.1                                                                                              2.6422583 1.7839199 0.0000000 1.8393059 1.3862894 1.3355615 2.0048970 2.7980288 3.4832361 1.1760560 2.7290757 3.4491512 2.0592125 2.0003579 1.3992108 1.4360783 1.4376930 1.7017677 3.3658510 1.4213257 2.2391327 1.7083442 1.8143726 1.3879923 1.6826484 1.7665361 2.1074565 2.1627981 1.5097090 2.0426563 3.5719938 1.6002286 1.3243000 1.3523942 1.8638244 2.4257013 1.4351839 1.2543970 
cog_WP_011916751.1                                                                                              2.1986525 1.7656361 1.8393059 0.0000000 1.4445470 1.3315548 1.8293437 2.7521024 3.2102598 1.3413633 2.9614364 2.5227512 1.7070200 2.0675818 1.4499340 1.9249116 1.5656495 1.5623545 2.3960585 1.7220601 2.1700745 2.5949917 2.0908505 1.2883335 1.8257839 1.5723747 1.7769551 1.9135321 2.0940539 2.1021193 3.5785323 1.2808356 1.1895509 1.4475820 1.5166650 1.6137697 1.4644512 1.7276720 
cog_WP_013626254.1                                                                                              1.0170889 1.0115283 1.3862894 1.4445470 0.0000000 0.8429679 1.2496911 1.5028226 3.1256200 1.0016335 1.4391052 3.4336963 1.4982873 1.3328012 0.8820757 0.8969518 1.2377735 1.1878705 3.4257775 0.7228390 1.7335215 0.8834205 0.8575031 0.7095717 0.8199233 1.1760600 0.7640279 1.8328993 1.0512932 0.9859867 3.4218523 0.6417317 0.8642351 0.6713620 1.5442781 1.4951629 0.7846997 1.1234975 
cog_YP_001086595.1                                                                                              1.4875313 0.7449859 1.3355615 1.3315548 0.8429679 0.0000000 1.0634593 1.2416726 2.9715775 1.0329611 1.9271914 2.5282554 1.5457669 1.1783278 0.7932390 1.0550753 1.2741123 0.8369745 2.5831854 0.8836394 1.5057672 0.7960927 0.9308412 0.7335060 1.0646711 1.1053533 1.1131062 1.5332102 1.0598454 1.1590232 3.1251319 0.9271159 0.6753734 0.9648288 1.5177027 1.4774523 0.6082923 0.8732249 
virome_AD_CERC_all_10kb_viruses_fixed_VIRSorter_AD_CERC_I8A_k121_31693_flag_0_multi_208_4569_len_85268-cat_2_45 1.5597050 1.4522812 2.0048970 1.8293437 1.2496911 1.0634593 0.0000000 2.1852733 3.6549415 0.9486839 2.6980530 2.6026377 2.3342567 2.4289775 1.4217871 1.4178667 2.0538993 1.3633018 2.7230750 1.2356407 1.9422869 1.7205201 1.5195339 1.3551660 1.6956225 1.2835171 1.4168847 1.8909292 1.5203763 1.7805699 3.3917517 1.5218155 1.2318692 1.3785929 1.8639659 2.1718666 1.0655263 1.4724144 
virome_ivig_2879_35                                                                                             1.8194071 1.6595505 2.7980288 2.7521024 1.5028226 1.2416726 2.1852733 0.0000000 4.2028471 1.8352735 2.8608477 4.1819726 2.2111839 2.8609206 1.7500866 1.8257285 2.1165687 1.5788005 4.2581053 1.2227654 3.1466063 2.3219098 1.6892159 1.4338608 1.9553855 2.0094440 2.3226413 2.3419338 2.7018779 1.6728976 5.1928792 1.7750694 1.2583127 1.2110408 2.4541040 1.8607393 1.4238601 1.6532114 
virome_PP_all_10kb_viruses_VIRSorter_PP_Contig_1061936-circular-cat_2_118                                       2.6693239 2.8632605 3.4832361 3.2102598 3.1256200 2.9715775 3.6549415 4.2028471 0.0000000 2.0677649 5.4452988 3.4683603 4.8675834 4.3953414 3.5407439 3.8603181 2.6505999 2.7274912 3.4224812 3.1411649 2.2221419 4.1712947 3.4770074 3.6583555 2.9808497 2.7325926 3.4150693 3.4216906 4.1126232 3.5720262 3.9895687 3.0679789 2.8481155 3.0664367 2.8553699 3.6587732 2.2772841 2.7490730 
cog_WP_007487770.1                                                                                              1.3784867 1.0217993 1.1760560 1.3413633 1.0016335 1.0329611 0.9486839 1.8352735 2.0677649 0.0000000 1.9309731 2.1637296 1.4857391 1.7457962 0.8085346 0.9579053 1.0526620 1.1640395 2.0860068 1.2832407 1.3265286 1.3706166 1.0892503 0.8952197 1.2895003 1.1490328 0.9511038 1.8532570 1.3070715 1.4410807 2.4787056 1.0057010 0.8049095 1.2109187 1.2886479 1.5400327 0.8928785 0.7925596 
cog_WP_066791757.1                                                                                              1.8873509 1.9863119 2.7290757 2.9614364 1.4391052 1.9271914 2.6980530 2.8608477 5.4452988 1.9309731 0.0000000 3.7409526 0.7015387 3.0649178 1.5264030 2.3708385 2.2863085 1.9719261 3.7536486 1.6175062 3.3927370 1.2305247 1.7031397 2.3252500 2.1984450 2.2308504 2.1649601 2.8034181 1.3565745 1.6371551 5.1949112 1.4107094 1.8947579 1.6250374 2.4090486 1.0625504 1.7535636 2.0370789 
virome_uvig_107825_38                                                                                           3.7649086 3.0455475 3.4491512 2.5227512 3.4336963 2.5282554 2.6026377 4.1819726 3.4683603 2.1637296 3.7409526 0.0000000 3.2065995 4.4367734 2.5056597 3.1141642 3.8160125 2.7759521 0.0565885 3.5641740 2.3006525 2.5852078 2.9444483 3.1293633 3.7899420 2.0018731 3.5549745 2.9538393 2.6722913 3.6842550 4.0650368 3.5092830 2.4572976 4.3529690 3.2005247 3.0298750 2.7162562 2.4594584 
cog_WP_008404436.1                                                                                              1.7175403 1.5527690 2.0592125 1.7070200 1.4982873 1.5457669 2.3342567 2.2111839 4.8675834 1.4857391 0.7015387 3.2065995 0.0000000 2.7140158 1.3866664 1.9954737 1.4845356 1.7645290 3.3531920 1.5163762 2.6011994 1.1918762 1.7692367 1.6864870 1.4340265 2.0557009 1.6963157 1.8508638 1.0868723 1.3678974 5.0848996 1.2777658 1.8993839 1.1774823 1.5721010 0.9435619 1.5472300 1.8429983 
virome_VIRSorter_DJKA75_ANT-F21_scaffold_30-circular-cat_1_39                                                   2.1630975 1.9333846 2.0003579 2.0675818 1.3328012 1.1783278 2.4289775 2.8609206 4.3953414 1.7457962 3.0649178 4.4367734 2.7140158 0.0000000 1.6948508 1.5059390 1.8483626 1.3755789 4.4956596 1.4115200 1.9574895 1.9271677 1.7456034 1.2383929 1.8506684 1.5472443 1.5393043 2.7113729 2.2208708 1.8850794 3.7589135 1.5453321 1.4369573 1.4704183 1.6726381 2.0969438 1.3502914 1.5880892 
cog_WP_015357813.1                                                                                              1.5505470 0.9923328 1.3992108 1.4499340 0.8820757 0.7932390 1.4217871 1.7500866 3.5407439 0.8085346 1.5264030 2.5056597 1.3866664 1.6948508 0.0000000 1.0871753 1.1892920 0.9404035 2.4935646 0.9665442 1.9739664 0.9920870 0.9304884 0.7421212 0.9416660 0.8762104 0.9186374 1.6752494 1.0511946 1.0438295 2.5199621 0.9692720 0.7708287 0.9127016 1.1488966 1.4542480 0.9048558 0.8133312 
cog_WP_083803599.1                                                                                              2.4084486 1.4715690 1.4360783 1.9249116 0.8969518 1.0550753 1.4178667 1.8257285 3.8603181 0.9579053 2.3708385 3.1141642 1.9954737 1.5059390 1.0871753 0.0000000 1.2416988 1.0854281 3.1141642 1.2779056 1.8524092 1.6968271 1.6688356 1.0764801 1.1231322 1.5719466 1.4318949 2.1253590 1.7282943 1.5052402 8.0824859 1.4858601 1.2521341 0.9991602 1.5976401 2.1591360 0.9197179 0.9452534 
cog_WP_005932131.1                                                                                              1.9159170 1.2454883 1.4376930 1.5656495 1.2377735 1.2741123 2.0538993 2.1165687 2.6505999 1.0526620 2.2863085 3.8160125 1.4845356 1.8483626 1.1892920 1.2416988 0.0000000 1.6441885 3.4752537 1.3489800 2.0984817 1.8164461 1.7846947 1.3162255 1.2791679 1.4784865 1.3290089 2.4147706 1.6216208 1.4027692 2.6960700 1.1609695 1.1626081 1.3980594 1.2085319 1.9155348 1.2831545 0.9674923 
cog_WP_066046511.1                                                                                              1.4734979 0.7115397 1.7017677 1.5623545 1.1878705 0.8369745 1.3633018 1.5788005 2.7274912 1.1640395 1.9719261 2.7759521 1.7645290 1.3755789 0.9404035 1.0854281 1.6441885 0.0000000 2.9111297 0.8175366 1.2355810 1.3787915 1.0018482 0.9484785 0.8844471 1.0941061 1.2104110 1.5175410 1.5020963 1.0133565 2.7419322 0.9524152 0.9947363 1.1262256 1.5299271 1.9086881 0.6774197 1.0038569 
virome_ivig_623_24                                                                                              3.6476411 3.0891056 3.3658510 2.3960585 3.4257775 2.5831854 2.7230750 4.2581053 3.4224812 2.0860068 3.7536486 0.0565885 3.3531920 4.4956596 2.4935646 3.1141642 3.4752537 2.9111297 0.0000000 3.7450084 2.2019435 2.6780317 2.9188472 3.0154755 3.9430461 2.0638084 3.6952430 2.8577732 2.5520232 3.8275045 4.4684645 3.5463198 2.5406153 4.4771109 2.9219716 3.1210762 2.8490906 2.6757501 
cog_WP_125987790.1                                                                                              1.2810234 1.0853024 1.4213257 1.7220601 0.7228390 0.8836394 1.2356407 1.2227654 3.1411649 1.2832407 1.6175062 3.5641740 1.5163762 1.4115200 0.9665442 1.2779056 1.3489800 0.8175366 3.7450084 0.0000000 1.7775072 0.9711111 0.7650463 0.7891356 0.6418475 1.0442077 0.8518031 1.8109597 1.5509797 0.5573375 3.3238679 0.9116097 0.7787408 0.7201301 1.2439523 1.3781861 0.8367305 1.0382828 
cog_WP_013657761.1                                                                                              2.3234626 1.6744929 2.2391327 2.1700745 1.7335215 1.5057672 1.9422869 3.1466063 2.2221419 1.3265286 3.3927370 2.3006525 2.6011994 1.9574895 1.9739664 1.8524092 2.0984817 1.2355810 2.2019435 1.7775072 0.0000000 1.9273284 1.9631710 1.5234057 1.6112302 1.4910902 1.6554228 2.5769982 1.9210269 2.1942568 4.1617475 1.6724757 1.5529184 1.5251614 2.1763090 2.7893484 1.4281676 1.6075225 
cog_NP_391523.1                                                                                                 1.5041550 1.3766062 1.7083442 2.5949917 0.8834205 0.7960927 1.7205201 2.3219098 4.1712947 1.3706166 1.2305247 2.5852078 1.1918762 1.9271677 0.9920870 1.6968271 1.8164461 1.3787915 2.6780317 0.9711111 1.9273284 0.0000000 1.1173594 1.0193869 1.2323001 1.1186102 1.2280031 1.8224427 0.3595999 1.6530980 3.0448384 0.9668553 0.8216853 1.0353707 2.0294656 1.0959029 0.9514243 0.9961363 
cog_WP_012449215.1                                                                                              1.2546955 1.2940628 1.8143726 2.0908505 0.8575031 0.9308412 1.5195339 1.6892159 3.4770074 1.0892503 1.7031397 2.9444483 1.7692367 1.7456034 0.9304884 1.6688356 1.7846947 1.0018482 2.9188472 0.7650463 1.9631710 1.1173594 0.0000000 0.9164434 1.3601851 0.9240436 0.7748665 1.8769139 1.2270083 1.0976820 2.9675858 0.7204687 0.7721133 0.8410348 1.3235210 1.4732223 0.6686612 1.1844989 
cog_WP_011971502.1                                                                                              1.3994181 1.0139004 1.3879923 1.2883335 0.7095717 0.7335060 1.3551660 1.4338608 3.6583555 0.8952197 2.3252500 3.1293633 1.6864870 1.2383929 0.7421212 1.0764801 1.3162255 0.9484785 3.0154755 0.7891356 1.5234057 1.0193869 0.9164434 0.0000000 0.7863015 0.7932773 0.8843289 1.5198420 1.1173639 1.0065516 3.0742280 0.7112034 0.6638253 0.6011590 1.3597062 1.6749476 0.7055841 0.9656327 
cog_WP_013494604.1                                                                                              1.1342507 1.4199739 1.6826484 1.8257839 0.8199233 1.0646711 1.6956225 1.9553855 2.9808497 1.2895003 2.1984450 3.7899420 1.4340265 1.8506684 0.9416660 1.1231322 1.2791679 0.8844471 3.9430461 0.6418475 1.6112302 1.2323001 1.3601851 0.7863015 0.0000000 0.9258846 0.8972352 2.0229314 1.6114789 0.7897062 3.4828808 0.6021277 0.8429419 0.5740361 1.0792666 1.4380836 0.9241704 1.1283015 
virome_VIRSorter_2034_megahit_k119_139368_flag_1_multi_31_0000_len_36974-cat_2_12                               2.0450877 1.2071357 1.7665361 1.5723747 1.1760600 1.1053533 1.2835171 2.0094440 2.7325926 1.1490328 2.2308504 2.0018731 2.0557009 1.5472443 0.8762104 1.5719466 1.4784865 1.0941061 2.0638084 1.0442077 1.4910902 1.1186102 0.9240436 0.7932773 0.9258846 0.0000000 0.7931518 1.2534743 1.1514745 1.1614866 3.7026863 1.1528227 1.0056780 1.1147641 1.1970232 1.7120506 0.8099087 1.1736411 
cog_WP_015738141.1                                                                                              0.8181900 1.1900411 2.1074565 1.7769551 0.7640279 1.1131062 1.4168847 2.3226413 3.4150693 0.9511038 2.1649601 3.5549745 1.6963157 1.5393043 0.9186374 1.4318949 1.3290089 1.2104110 3.6952430 0.8518031 1.6554228 1.2280031 0.7748665 0.8843289 0.8972352 0.7931518 0.0000000 1.8630571 1.2643392 0.9529112 3.2417984 0.5632688 0.9153749 0.7454077 1.1157998 1.4361636 0.8455411 1.3286723 
virome_uvig_108459_15                                                                                           2.2769173 1.8281416 2.1627981 1.9135321 1.8328993 1.5332102 1.8909292 2.3419338 3.4216906 1.8532570 2.8034181 2.9538393 1.8508638 2.7113729 1.6752494 2.1253590 2.4147706 1.5175410 2.8577732 1.8109597 2.5769982 1.8224427 1.8769139 1.5198420 2.0229314 1.2534743 1.8630571 0.0000000 1.5292612 1.8745720 3.9699990 2.1263743 2.1856284 1.4722334 2.0334229 1.4726308 1.3770972 1.3642305 
cog_WP_087459120.1                                                                                              1.5647423 1.4158212 1.5097090 2.0940539 1.0512932 1.0598454 1.5203763 2.7018779 4.1126232 1.3070715 1.3565745 2.6722913 1.0868723 2.2208708 1.0511946 1.7282943 1.6216208 1.5020963 2.5520232 1.5509797 1.9210269 0.3595999 1.2270083 1.1173639 1.6114789 1.1514745 1.2643392 1.5292612 0.0000000 1.5204967 3.3367879 1.0848027 1.0078741 0.9829520 1.8500826 1.1524153 1.0335966 1.0948903 
cog_WP_015328040.1                                                                                              0.9699452 1.3355995 2.0426563 2.1021193 0.9859867 1.1590232 1.7805699 1.6728976 3.5720262 1.4410807 1.6371551 3.6842550 1.3678974 1.8850794 1.0438295 1.5052402 1.4027692 1.0133565 3.8275045 0.5573375 2.1942568 1.6530980 1.0976820 1.0065516 0.7897062 1.1614866 0.9529112 1.8745720 1.5204967 0.0000000 3.9873211 0.7743022 0.9014792 0.6995241 1.2652420 1.6008890 0.9461954 1.3808734 
cog_WP_083803598.1                                                                                              3.5482350 2.8189228 3.5719938 3.5785323 3.4218523 3.1251319 3.3917517 5.1928792 3.9895687 2.4787056 5.1949112 4.0650368 5.0848996 3.7589135 2.5199621 8.0824859 2.6960700 2.7419322 4.4684645 3.3238679 4.1617475 3.0448384 2.9675858 3.0742280 3.4828808 3.7026863 3.2417984 3.9699990 3.3367879 3.9873211 0.0000000 2.7906081 2.3628197 3.2404171 3.9977390 5.4274398 2.8896276 1.3940275 
cog_WP_013176419.1                                                                                              0.7567303 1.1143030 1.6002286 1.2808356 0.6417317 0.9271159 1.5218155 1.7750694 3.0679789 1.0057010 1.4107094 3.5092830 1.2777658 1.5453321 0.9692720 1.4858601 1.1609695 0.9524152 3.5463198 0.9116097 1.6724757 0.9668553 0.7204687 0.7112034 0.6021277 1.1528227 0.5632688 2.1263743 1.0848027 0.7743022 2.7906081 0.0000000 0.8469849 0.6438126 1.3886652 1.5214422 1.0415485 1.3713525 
cog_WP_011024671.1                                                                                              1.2300482 1.2413243 1.3243000 1.1895509 0.8642351 0.6753734 1.2318692 1.2583127 2.8481155 0.8049095 1.8947579 2.4572976 1.8993839 1.4369573 0.7708287 1.2521341 1.1626081 0.9947363 2.5406153 0.7787408 1.5529184 0.8216853 0.7721133 0.6638253 0.8429419 1.0056780 0.9153749 2.1856284 1.0078741 0.9014792 2.3628197 0.8469849 0.0000000 0.8288962 1.3297272 1.5617401 0.7773196 0.9545717 
cog_AEJ39013.1                                                                                                  1.1454313 1.1857704 1.3523942 1.4475820 0.6713620 0.9648288 1.3785929 1.2110408 3.0664367 1.2109187 1.6250374 4.3529690 1.1774823 1.4704183 0.9127016 0.9991602 1.3980594 1.1262256 4.4771109 0.7201301 1.5251614 1.0353707 0.8410348 0.6011590 0.5740361 1.1147641 0.7454077 1.4722334 0.9829520 0.6995241 3.2404171 0.6438126 0.8288962 0.0000000 1.1778743 1.4450610 0.8617973 1.2327625 
virome_VIRSorter_DJKA110_ANT-KO_scaffold_640-cat_2_5                                                            2.0070649 1.3558045 1.8638244 1.5166650 1.5442781 1.5177027 1.8639659 2.4541040 2.8553699 1.2886479 2.4090486 3.2005247 1.5721010 1.6726381 1.1488966 1.5976401 1.2085319 1.5299271 2.9219716 1.2439523 2.1763090 2.0294656 1.3235210 1.3597062 1.0792666 1.1970232 1.1157998 2.0334229 1.8500826 1.2652420 3.9977390 1.3886652 1.3297272 1.1778743 0.0000000 1.7262559 1.5753630 1.4134577 
cog_WP_119882587.1                                                                                              2.1900837 2.0254365 2.4257013 1.6137697 1.4951629 1.4774523 2.1718666 1.8607393 3.6587732 1.5400327 1.0625504 3.0298750 0.9435619 2.0969438 1.4542480 2.1591360 1.9155348 1.9086881 3.1210762 1.3781861 2.7893484 1.0959029 1.4732223 1.6749476 1.4380836 1.7120506 1.4361636 1.4726308 1.1524153 1.6008890 5.4274398 1.5214422 1.5617401 1.4450610 1.7262559 0.0000000 1.4130489 1.5681665 
cog_WP_128746085.1                                                                                              1.5008023 0.7530019 1.4351839 1.4644512 0.7846997 0.6082923 1.0655263 1.4238601 2.2772841 0.8928785 1.7535636 2.7162562 1.5472300 1.3502914 0.9048558 0.9197179 1.2831545 0.6774197 2.8490906 0.8367305 1.4281676 0.9514243 0.6686612 0.7055841 0.9241704 0.8099087 0.8455411 1.3770972 1.0335966 0.9461954 2.8896276 1.0415485 0.7773196 0.8617973 1.5753630 1.4130489 0.0000000 0.9821225 
cog_WP_128743727.1                                                                                              2.0072337 0.9625914 1.2543970 1.7276720 1.1234975 0.8732249 1.4724144 1.6532114 2.7490730 0.7925596 2.0370789 2.4594584 1.8429983 1.5880892 0.8133312 0.9452534 0.9674923 1.0038569 2.6757501 1.0382828 1.6075225 0.9961363 1.1844989 0.9656327 1.1283015 1.1736411 1.3286723 1.3642305 1.0948903 1.3808734 1.3940275 1.3713525 0.9545717 1.2327625 1.4134577 1.5681665 0.9821225 0.0000000 
